11100000010111110000000000001111
11100010100000000001000000000001
11100010100000000010000011111111
11100000100100100011000000000010
11100000010100010100000000000010
01001010000000000000000000000000
11100010100000010001000000000001
11100000010100010110000000000010
01000010100000000101000000000010
11101010000000000000000000000000
11100010100000010001000000000001
11100000000000010111000000000010
11100001100000011000000000000010
11100101100100001001000000001000
11100101100000001010000000001000
01101010000000000000000000000001
11100000100101000100000000000100
11101010111111111111111111111011